0.71794 1.10807
0.7306 1.11116
0.7507 1.13905
0.68786 1.09268
0.79278 1.19843
0.76687 1.15271
0.7024 1.08063
0.73033 1.14251
0.73348 1.10789
0.71305 1.1157
0.73491 1.10236
0.72128 1.12123
0.74587 1.09585
0.74394 1.13559
0.74981 1.16411
0.73927 1.10701
0.72552 1.10781
0.76142 1.18755
0.74352 1.14924
0.72042 1.11608
0.76005 1.13555
0.74686 1.11633
0.75998 1.13736
0.75177 1.20205
0.76169 1.20376
0.75677 1.13096
0.73241 1.08327
0.7775 1.18652
0.69591 1.10713
0.74082 1.10356
0.73114 1.10414
0.74389 1.12584
0.73384 1.09223
0.76017 1.10406
0.76836 1.16646
0.77534 1.18465
0.71185 1.08796
0.73632 1.11715
0.73959 1.15026
0.75781 1.12812
