1.09599 2.87501
1.02511 2.73464
1.08355 2.78094
1.16576 2.81851
1.09512 2.87125
1.15412 2.79525
1.1904 2.78757
1.06723 2.7957
1.10046 2.63234
1.11194 2.79538
1.02276 2.75574
1.07554 2.73395
1.17401 2.66073
1.12992 2.76306
1.12053 2.91904
1.18119 2.6464
1.10515 2.74591
1.08068 2.80376
1.17256 2.69486
0.97978 2.78998
1.17456 2.77968
1.13461 2.72813
1.12624 2.8328
1.12017 2.76189
1.03017 2.88127
1.12454 2.63029
1.21402 2.60953
1.1495 2.73079
1.08207 3.00616
1.24925 2.65368
1.11795 2.78378
1.12657 2.77482
1.12225 2.76887
1.03935 2.68823
1.02934 2.85681
1.13003 2.70871
1.16465 2.76418
1.0578 2.72045
0.95526 2.81286
1.06252 2.71496
