3.78254 4.80593
3.87192 5.12111
4.21813 5.52218
3.95835 5.19259
4.18963 5.36856
3.8074 4.93904
3.85602 4.98932
4.09418 5.46753
4.24271 5.65879
3.91427 5.10834
3.98621 5.27113
3.96804 5.20875
3.51552 4.60083
3.72209 4.97225
4.1697 5.49475
3.85864 5.13196
3.92039 5.14051
4.05861 5.2532
3.99194 5.23843
4.17326 5.31037
3.99066 5.22273
3.88754 5.15903
3.81296 4.92912
3.67401 4.79474
4.06201 5.26894
3.91358 5.1878
3.98309 5.1369
3.88753 5.10185
4.11016 5.31418
4.15787 5.39016
4.05037 5.29752
4.25625 5.58893
4.06461 5.31998
3.85398 5.08707
3.91049 5.04947
3.6972 4.81915
4.15935 5.42085
3.75521 4.98073
3.61356 4.64636
3.8613 5.00787
