1.13695 2.20607
1.26426 2.15608
1.00836 1.89756
1.02182 2.13738
1.22438 2.09438
1.19447 2.10581
1.10371 2.08479
1.22443 2.21121
1.14353 2.07395
1.15463 2.09106
1.17946 2.07125
1.08984 2.17259
1.15948 2.25412
1.10638 2.10707
1.24519 2.26357
1.26682 2.0784
1.19567 2.26814
1.03324 2.03086
1.20154 2.08279
1.21706 2.04861
1.19805 2.2792
1.11703 2.04146
1.1058 1.94788
1.1807 2.14981
1.11567 1.99854
1.11498 2.01795
1.18918 2.02289
1.11837 2.05269
1.1639 2.26911
1.15248 2.15393
1.17696 2.07949
1.10525 1.97917
1.12599 2.01121
1.21956 2.08175
1.18706 2.05338
1.12039 2.13627
1.22749 2.14592
1.09971 1.8452
1.11069 2.04053
1.17944 2.20771
