1.87641 2.09902
1.80597 2.00045
1.84403 2.03122
1.93332 2.14385
1.98388 2.1828
1.91559 2.11003
1.89553 2.08178
1.9243 2.13007
1.98022 2.18772
1.87138 2.09537
1.93753 2.12344
1.91353 2.10518
1.8304 2.02808
1.97346 2.16531
1.96107 2.17639
1.90888 2.1028
1.89562 2.08595
1.94894 2.16253
1.89885 2.09055
1.88561 2.08068
2.0134 2.20847
1.94179 2.12889
1.98393 2.18868
1.93017 2.12905
1.89655 2.09406
1.87985 2.06332
1.92521 2.14251
1.94466 2.14924
1.93966 2.11851
1.96541 2.16475
1.97252 2.16631
1.92185 2.118
1.93473 2.14149
1.88999 2.08397
1.84715 2.04445
1.93929 2.1303
1.96842 2.14632
1.95299 2.1572
1.96728 2.16757
1.95655 2.16924
