0.93127 1.07632
0.94749 1.11585
0.96597 1.13083
0.93409 1.0924
1.00469 1.25199
0.96812 1.25582
0.91896 1.07627
0.97593 1.13683
0.96127 1.15758
0.93489 1.05825
0.97376 1.12501
0.9618 1.12603
0.92214 1.0857
0.95961 1.16663
0.97709 1.28817
0.97231 1.23883
0.91987 1.11303
0.97146 1.1304
0.94077 1.08111
0.94997 1.16816
0.99696 1.28743
0.95178 1.10449
0.97505 1.15597
0.9614 1.13402
0.99948 1.14859
0.95368 1.14995
0.97273 1.21695
1.0184 1.18443
0.94553 1.27341
0.94507 1.10521
0.95691 1.12931
0.97296 1.15577
0.95917 1.14334
0.95074 1.18495
0.97407 1.12117
1.0093 1.186
0.95291 1.16087
0.95809 1.23397
0.96408 1.10781
0.97168 1.16268
