2.59148 3.52893
2.69687 3.66251
2.8321 3.83278
2.71042 3.75565
2.54835 3.48425
2.62446 3.47422
2.40968 3.35142
2.78564 3.86071
2.62919 3.53677
2.55481 3.49002
2.33303 3.3749
2.6845 3.61852
2.66017 3.6002
2.5845 3.47441
2.91504 3.85726
2.35333 3.20411
2.73893 3.70729
2.81626 3.74401
2.74133 3.63368
2.77773 3.79399
2.35462 3.19214
2.54959 3.41657
2.55784 3.48796
2.50942 3.33163
2.46973 3.32893
2.6288 3.66393
2.35532 3.3804
2.77787 3.74275
2.84551 3.93478
2.65944 3.51855
2.7695 3.84372
2.65529 3.7231
2.77495 3.7483
2.67824 3.61021
2.72307 3.58792
2.43834 3.35814
2.50359 3.36349
2.50983 3.52742
2.30752 3.21657
2.63491 3.5955
