1.01148 1.41362
1.16773 1.65696
0.93286 1.35128
0.95005 1.39487
1.09894 1.70197
1.10085 1.83459
1.00664 1.43903
1.12408 1.54344
1.03009 1.52311
1.01589 1.40781
1.0663 1.46303
0.95017 1.35956
1.00315 1.49951
1.04257 1.51918
1.10428 1.83967
1.17423 1.71885
0.9671 1.54694
0.9512 1.35587
1.04883 1.43697
1.0979 1.6184
1.14995 1.82922
0.98222 1.3834
0.99395 1.44498
1.04008 1.47153
1.04235 1.43315
1.00797 1.48645
1.15743 1.725
1.05909 1.46636
1.08735 1.90589
1.0649 1.5085
1.02756 1.47573
1.02193 1.4412
1.11897 1.59004
1.11551 1.69847
1.08241 1.47112
0.95535 1.34042
1.11242 1.63703
1.12209 1.8333
1.04565 1.47933
1.1065 1.59705
