1.9201 2.04261
1.84342 1.95814
1.88532 1.99147
1.97953 2.08804
2.02309 2.12992
1.95816 2.05949
1.90783 2.03321
1.96054 2.07899
2.03477 2.14162
1.92265 2.04372
1.96807 2.07562
1.9557 2.06322
1.8677 1.98516
1.99495 2.11453
2.01107 2.11579
1.95777 2.06692
1.93682 2.03965
1.96294 2.09778
1.92641 2.0489
1.88957 2.0256
2.0547 2.16316
1.974 2.09475
2.02402 2.14175
1.96822 2.08583
1.92134 2.03275
1.89771 2.01769
1.96351 2.07374
1.98727 2.0958
1.97561 2.07489
2.02368 2.13049
1.98446 2.11691
1.95469 2.07476
1.99027 2.09785
1.92817 2.03166
1.88271 1.98683
1.98596 2.09111
1.98321 2.10584
1.97724 2.10392
2.008 2.11791
2.0063 2.12094
