0.99244 1.10474
1.01141 1.18009
1.02657 1.17004
0.99136 1.13579
1.07657 1.30974
1.05147 1.37338
0.98905 1.21158
1.03778 1.18166
1.02536 1.24435
0.9768 1.07895
1.01834 1.15167
1.01208 1.17788
0.99204 1.1649
1.02986 1.24341
1.0595 1.39649
1.07323 1.39612
0.99143 1.1782
1.0155 1.17165
0.9864 1.11356
1.02799 1.25211
1.07997 1.43384
1.01315 1.15912
1.03411 1.31184
1.01914 1.17348
1.0514 1.207
1.02695 1.21659
1.04725 1.30511
1.06545 1.23592
1.05166 1.43843
1.00149 1.17494
1.01223 1.20842
1.04534 1.24263
1.02136 1.22415
1.03898 1.30567
1.02596 1.13708
1.06707 1.2776
1.02019 1.21531
1.03702 1.35009
1.01621 1.15917
1.04866 1.27835
