2.6267 3.45388
2.66772 3.56995
2.84166 3.73495
2.71688 3.52683
2.5425 3.34576
2.59417 3.45178
2.3972 3.43737
2.77157 3.68694
2.61909 3.44415
2.52139 3.36366
2.30383 3.14518
2.70133 3.54359
2.63708 3.50695
2.5484 3.36826
2.914 3.87952
2.38283 3.23449
2.7181 3.57963
2.80647 4.01286
2.7668 3.66602
2.77196 4.10721
2.34796 3.15113
2.57478 3.44935
2.52412 3.31065
2.53054 3.27598
2.46125 3.26252
2.64584 3.55408
2.39398 3.38675
2.77412 3.70411
2.80997 3.7497
2.68324 3.51091
2.77604 3.6274
2.62649 3.56732
2.75094 3.65328
2.67353 3.53634
2.71183 3.55605
2.43129 3.2247
2.52226 3.30064
2.52993 3.32138
2.33907 3.07601
2.62765 3.50693
