1.05825 1.46522
1.24169 1.83146
1.00552 1.46685
0.99768 1.44682
1.1571 1.74758
1.23247 2.01535
1.06997 1.74328
1.15733 1.57712
1.10132 1.67431
1.03687 1.4015
1.09389 1.50262
1.01698 1.47498
1.12306 1.7066
1.11519 1.67995
1.24283 2.04546
1.29598 2.04119
1.06475 1.66178
0.98981 1.34397
1.06787 1.45916
1.1933 1.81456
1.29809 2.13194
1.04657 1.52986
1.05284 1.71415
1.09923 1.55748
1.08995 1.46564
1.09519 1.65147
1.30964 1.89109
1.06952 1.54455
1.2545 2.2369
1.11763 1.63029
1.0823 1.69265
1.08304 1.57731
1.19512 1.7229
1.23841 1.94642
1.1324 1.4956
0.9816 1.52331
1.21863 1.78514
1.25953 2.04624
1.09153 1.49206
1.19274 1.78343
