0.82956 1.06504
0.80316 1.07712
0.83957 1.09395
0.78469 1.06762
0.87481 1.16085
0.82164 1.10453
0.76261 1.05496
0.80234 1.11798
0.80519 1.09487
0.81212 1.08977
0.8573 1.12946
0.70352 1.08718
0.75099 1.04374
0.81267 1.08596
0.75489 1.12602
0.81871 1.09939
0.75326 1.04212
0.82199 1.1123
0.80535 1.08478
0.78544 1.07563
0.815 1.13446
0.75295 1.09461
0.83487 1.11821
0.81456 1.09434
0.86602 1.14394
0.74484 1.07894
0.77579 1.10677
0.86999 1.20034
0.76605 1.07882
0.79034 1.09281
0.83916 1.08374
0.8046 1.10691
0.77373 1.09436
0.79253 1.07877
0.80757 1.10294
0.86499 1.16388
0.78892 1.08159
0.78832 1.08498
0.81934 1.1089
0.80224 1.09816
