0.96739 1.71619
1.12048 2.04593
0.86871 1.60345
0.96137 1.95159
1.04897 1.74009
1.04535 1.78884
0.99917 2.07684
1.12178 2.08994
0.96712 1.93273
0.9894 2.01718
1.01541 1.75526
0.91753 2.55633
0.9569 2.05612
1.02789 1.92104
1.06421 2.25937
1.06226 1.91199
0.90245 1.97337
0.93282 1.89219
1.04585 1.90946
1.05773 1.83611
1.09082 2.05047
0.95023 2.09876
0.98311 1.83616
0.97365 1.85231
1.04494 1.70818
1.00737 2.18884
1.08743 2.11233
0.99146 1.72908
1.0201 1.88248
1.06171 2.00257
0.99617 1.75842
0.97714 1.84844
1.03538 2.05661
1.08255 2.12411
1.03213 1.98054
0.93702 1.71847
1.09298 1.94754
0.99494 2.08556
0.99555 2.01207
1.04434 2.04805
