1.18803 2.82553
1.15789 2.7233
1.14021 2.75325
1.20384 2.82171
1.23867 2.87636
1.15796 2.8236
1.14536 2.82497
1.24554 2.75951
1.11202 2.80086
1.20494 2.78867
1.20707 2.85309
1.21137 2.77914
1.13846 2.75708
1.22129 2.85598
1.30044 2.79354
1.098 2.74194
1.22104 2.77133
1.16106 2.85233
1.22765 2.83139
1.21809 2.77192
1.21164 2.86731
1.18773 2.8527
1.28547 2.78321
1.14964 2.75782
1.1995 2.82481
1.1675 2.82235
1.20682 2.73355
1.11154 2.87174
1.25582 2.88874
1.1786 2.81274
1.23104 2.82536
1.21724 2.78515
1.23124 2.80846
1.18212 2.74747
1.09892 2.9247
1.21506 2.8571
1.20121 2.74148
1.129 2.80338
1.24162 2.84075
1.2329 2.89354
