0.7626 1.11976
0.78001 1.13191
0.77464 1.15989
0.75628 1.13161
0.81588 1.20425
0.75858 1.14534
0.72055 1.08398
0.79192 1.19155
0.7791 1.14059
0.77303 1.13799
0.78919 1.15873
0.77973 1.14481
0.72432 1.09957
0.76991 1.12783
0.76073 1.14355
0.74812 1.14911
0.70492 1.08172
0.78222 1.15243
0.76765 1.13286
0.76437 1.13161
0.79228 1.17715
0.77257 1.13553
0.79609 1.17064
0.75675 1.14733
0.82651 1.19518
0.76732 1.12956
0.77624 1.12413
0.82167 1.23268
0.73701 1.11406
0.77126 1.11816
0.7595 1.15294
0.76949 1.15162
0.7602 1.14891
0.72575 1.12292
0.80737 1.14593
0.8216 1.2094
0.74742 1.11816
0.77371 1.11244
0.76391 1.1436
0.77185 1.14234
