2.6211 3.57179
2.71443 3.71094
2.82766 3.8175
2.73176 3.70512
2.54295 3.50713
2.59838 3.6459
2.39973 3.34687
2.77298 3.88688
2.60522 3.53424
2.53641 3.52436
2.30245 3.38565
2.73917 3.84036
2.68283 3.60029
2.57153 3.52738
2.95072 4.00219
2.3796 3.35317
2.73224 3.86893
2.82458 3.79987
2.78804 3.79297
2.79115 3.86035
2.35515 3.27045
2.56279 3.53428
2.53336 3.50118
2.52575 3.45203
2.42898 3.43991
2.66428 3.65364
2.37739 3.34229
2.77755 3.74817
2.83775 3.86047
2.69942 3.61111
2.76537 3.75008
2.66123 3.65347
2.755 3.73259
2.6793 3.6349
2.69113 3.66807
2.45764 3.38149
2.4837 3.34754
2.52794 3.72413
2.31939 3.27977
2.64477 3.72838
