0.97394 1.85482
1.12632 2.04942
0.87787 2.05041
0.94481 1.92931
1.05058 1.87917
1.047 2.04813
0.99481 2.08613
1.1251 2.00188
0.97697 1.82051
0.99246 2.10349
1.00737 2.04547
0.93642 1.86076
0.95601 2.10139
1.03178 1.97263
1.05675 2.20562
1.05834 2.31115
0.9205 2.08126
0.93657 1.86508
1.0539 1.99658
1.06744 2.03539
1.10277 1.97035
0.96813 2.00962
0.97755 1.85743
0.97805 2.17974
1.03813 1.967
1.00028 1.94467
1.08926 2.07518
0.99894 1.99818
1.03569 2.03881
1.05352 1.90362
0.98548 2.13052
0.99505 1.97313
1.03156 2.0898
1.06436 2.33618
1.03037 1.84875
0.95358 1.85928
1.08476 2.08534
1.00179 1.8774
1.00347 2.11606
1.05432 1.9971
