0.75963 1.05337
0.72495 1.1045
0.75289 1.10521
0.74566 1.08106
0.79242 1.13901
0.80172 1.10014
0.71954 1.06165
0.81686 1.21157
0.7947 1.09489
0.69353 1.10012
0.77375 1.10444
0.72807 1.10446
0.68884 1.03873
0.73551 1.07652
0.74437 1.12406
0.71741 1.07482
0.66574 1.04415
0.73339 1.12484
0.74724 1.11062
0.79018 1.10456
0.77568 1.12328
0.76156 1.10371
0.76428 1.09916
0.69392 1.09842
0.83361 1.15234
0.77109 1.07819
0.75252 1.09487
0.83345 1.18451
0.73482 1.0641
0.71177 1.11892
0.73889 1.09653
0.80385 1.11112
0.73969 1.09098
0.77016 1.09126
0.78748 1.11246
0.723 1.15597
0.75428 1.08348
0.78233 1.0734
0.79412 1.09518
0.69116 1.09429
