1.4823 2.52048
1.24273 2.68177
1.36591 2.56921
1.47499 2.61469
1.40978 2.63525
1.48444 2.58228
1.48979 2.69754
1.30946 2.79401
1.50833 2.58464
1.40874 2.58256
1.4893 2.50775
1.40381 2.62315
1.43501 2.5314
1.54142 2.65453
1.35918 2.80345
1.36213 2.5244
1.33944 2.61382
1.53411 2.54374
1.51511 2.58403
1.35053 2.59992
1.52546 2.6958
1.50552 2.6124
1.49481 2.58503
1.39969 2.58593
1.29348 2.65257
1.4019 2.53106
1.35111 2.59566
1.45986 2.64782
1.47013 2.56813
1.38507 2.81639
1.47463 2.59065
1.46546 2.61021
1.39754 2.59943
1.44974 2.62696
1.44172 2.56608
1.48937 2.71483
1.38098 2.64563
1.41 2.61502
1.55131 2.59939
1.47868 2.61415
