2.52488 4.27279
2.44578 4.06685
2.63035 4.1622
2.50336 3.98702
2.38569 3.78102
2.42476 3.95095
2.23796 3.77174
2.42856 4.02178
2.41698 3.72083
2.20495 3.71196
2.21602 3.95085
2.38751 3.93727
2.42913 3.64923
2.23774 3.78552
2.55018 3.96155
2.23454 3.8412
2.47941 4.15755
2.60428 4.02657
2.50623 4.00098
2.43474 3.83703
2.21196 3.60944
2.22944 3.71009
2.29725 3.71363
2.27589 3.67547
2.16901 3.64277
2.39274 3.86264
2.24959 3.79057
2.56999 4.21314
2.71756 4.4483
2.38624 3.91942
2.42729 3.95223
2.28237 3.80365
2.49015 3.80005
2.59148 3.98686
2.46359 3.83735
2.14934 3.55246
2.25177 3.71567
2.39182 3.93771
2.21155 3.62223
2.36463 4.0921
