0.80536 2.27014
1.00837 2.94596
0.77405 2.69119
0.84877 2.59132
0.87206 2.42414
0.88696 2.13802
0.76481 2.45947
0.99265 2.34944
0.85532 2.20146
0.81547 3.02189
0.88417 2.5245
0.79982 2.44975
0.80651 2.88337
0.84744 2.55772
0.87636 2.42669
0.90663 2.78024
0.88607 3.05091
0.87829 2.78383
0.93437 2.94155
0.89305 2.19924
0.89583 2.28437
0.85727 2.54466
0.86956 2.50215
0.84015 2.83431
0.90894 1.98111
0.92932 2.03503
0.89593 2.49568
0.88852 2.26751
0.91489 2.60573
0.93966 3.03164
0.82962 2.56693
0.80858 2.12915
0.96012 2.687
0.92575 2.36785
0.88281 2.5481
0.82024 3.1411
0.92219 2.47168
0.80928 2.27414
0.77928 2.26174
0.9196 2.92435
