0.92096 3.0413
0.96824 3.08038
1.03638 2.96973
1.00273 3.11738
0.9547 3.24936
0.87829 3.12004
1.15557 3.19281
1.01349 3.08401
1.03013 2.9377
1.03992 2.92382
0.98342 2.9604
1.07089 3.0722
1.10978 2.89949
1.06385 3.09518
0.98314 3.26852
0.72375 3.12593
0.85157 2.9844
1.1667 3.04686
0.94056 3.14254
1.02521 2.92464
1.11777 2.9504
1.08159 2.97469
1.04086 3.14391
0.99217 3.09602
0.95851 2.9556
1.06214 2.89396
1.02805 2.97359
1.05474 3.08391
0.81289 3.15571
0.93576 3.04426
1.01527 3.08992
1.04431 3.05923
0.89729 2.96158
0.9515 3.12657
0.7203 3.17641
1.14223 3.03802
1.03336 3.03563
1.01713 3.00076
1.16768 2.95259
1.06358 3.05745
