0.70926 1.15274
0.69699 1.16787
0.6856 1.16527
0.64719 1.1608
0.68739 1.2019
0.58717 1.17922
0.6963 1.12602
0.6823 1.19751
0.59672 1.14487
0.7107 1.12905
0.72695 1.17119
0.52369 1.12496
0.56809 1.08117
0.64338 1.15499
0.64226 1.20017
0.64333 1.16535
0.60903 1.10764
0.67488 1.20497
0.65812 1.19818
0.62864 1.15277
0.70838 1.19797
0.75245 1.17242
0.61059 1.19014
0.61237 1.15929
0.73785 1.18314
0.65093 1.12664
0.70866 1.13802
0.68773 1.22928
0.61723 1.16846
0.66873 1.17502
0.61563 1.16276
0.67034 1.14831
0.72557 1.13313
0.67107 1.19929
0.60276 1.16957
0.78964 1.23748
0.67605 1.12731
0.72169 1.13884
0.72702 1.11992
0.73135 1.19271
