0.79019 2.82805
0.92123 2.75096
0.75498 3.31131
0.79285 3.36229
0.82439 3.21176
0.85978 3.63813
0.72983 2.72606
0.93329 3.50373
0.8119 3.88611
0.76277 2.326
0.86315 2.73098
0.80349 4.84221
0.77352 4.14243
0.84213 3.56809
0.8687 3.5756
0.87826 2.54391
0.85559 4.13166
0.87309 3.30963
0.89858 3.65231
0.83294 3.81386
0.87461 3.00603
0.8239 2.23751
0.77773 4.03168
0.78979 4.24517
0.85224 2.821
0.84018 3.26056
0.79859 2.78607
0.84306 3.17354
0.91716 3.59184
0.91248 3.22032
0.7798 3.85228
0.76234 3.36787
0.89897 2.6649
0.89439 3.04734
0.83539 3.99374
0.82953 2.46679
0.89393 2.66627
0.7913 2.64491
0.66862 2.91648
0.91358 2.43724
