2.1491 4.23742
2.24862 4.14726
2.32514 4.2031
2.20174 4.11172
2.07187 4.09324
1.97039 3.91006
1.90912 3.78235
2.01398 4.06195
2.05033 3.96783
1.86258 3.67186
2.02392 3.7838
2.06341 4.08427
2.19845 3.9431
1.87654 3.92374
1.97941 3.87814
1.6923 3.45799
2.16111 4.0961
2.37169 4.27587
2.20963 4.19524
2.11717 3.99728
1.92028 3.83481
1.94894 3.61516
1.83387 3.83507
1.90761 3.79094
1.92438 3.99577
2.12634 4.02883
1.91872 3.81914
2.20849 4.27171
2.14999 4.07116
2.1792 4.12497
2.08894 3.96859
1.88725 3.82802
2.33886 4.12711
2.0059 3.84165
2.05112 3.79715
1.79145 3.63891
2.08233 3.82332
2.12326 3.95172
2.01008 3.8892
2.16708 4.03418
