1.5999 2.41865
1.40812 2.39786
1.44987 2.32871
1.58349 2.43255
1.65727 2.53536
1.61186 2.42498
1.57334 2.44803
1.59334 2.42479
1.61254 2.47169
1.53142 2.5351
1.54845 2.42315
1.56355 2.35544
1.44787 2.45296
1.64243 2.4859
1.61938 2.49419
1.55677 2.43294
1.50545 2.47884
1.61818 2.46441
1.51986 2.48721
1.53134 2.43015
1.66262 2.5392
1.52179 2.64508
1.69144 2.40352
1.5985 2.50043
1.59019 2.39964
1.58391 2.33175
1.55985 2.45044
1.54739 2.44296
1.64804 2.45532
1.61776 2.49782
1.52009 2.62525
1.56968 2.37621
1.53906 2.53661
1.53897 2.42363
1.52799 2.43603
1.61539 2.41899
1.63444 2.40692
1.30709 2.56112
1.57902 2.48186
1.57786 2.49312
