0.83725 1.06754
0.79159 1.07119
0.76678 1.0973
0.8531 1.07621
0.87967 1.13826
0.81352 1.07618
0.78833 1.04391
0.81398 1.13534
0.8314 1.09543
0.81518 1.08451
0.82827 1.10515
0.8454 1.09265
0.77158 1.03459
0.82703 1.07638
0.74739 1.07822
0.81654 1.07783
0.77215 1.03677
0.82871 1.12351
0.79935 1.10267
0.75447 1.07973
0.85479 1.09374
0.83578 1.09346
0.85068 1.08671
0.76193 1.0958
0.86356 1.13596
0.84574 1.07555
0.83153 1.0876
0.87011 1.17597
0.77394 1.04581
0.83148 1.07497
0.82468 1.10686
0.85292 1.09917
0.83567 1.1045
0.81755 1.06251
0.87077 1.1243
0.82767 1.1275
0.83253 1.07239
0.79861 1.10476
0.84994 1.09627
0.84962 1.09439
