0.89228 1.7411
1.04407 2.26005
0.78421 2.01639
0.86914 1.68754
0.90653 1.75763
0.96312 1.93213
0.89517 1.87215
1.00926 2.15227
0.88066 1.73971
0.8795 1.94338
0.89222 1.94815
0.84198 1.62469
0.88573 2.24775
0.90096 1.93103
0.94412 2.26359
0.92738 1.78885
0.8911 1.94072
0.88956 2.02862
0.92938 2.18488
0.92208 2.17149
0.98705 1.81691
0.94585 1.76286
0.89727 1.7441
0.84429 2.26585
0.94975 1.88791
0.93745 1.60024
0.92426 1.77959
0.90457 1.7498
0.96368 2.42078
0.95926 1.91026
0.85906 1.83014
0.84777 1.65257
0.956 1.82983
0.98042 1.88952
0.9755 1.8222
0.83729 2.17108
0.98019 1.81426
0.82498 2.00526
0.87147 1.69925
0.91669 1.64133
