2.59715 3.71144
2.59038 3.65844
2.76267 3.77586
2.61124 3.89728
2.49898 3.57984
2.52116 3.63661
2.33459 3.57956
2.58272 3.68345
2.53033 3.68653
2.41061 3.566
2.27705 3.52172
2.53565 3.65368
2.58703 3.6594
2.39985 3.40671
2.77407 3.92737
2.31701 3.67277
2.64004 3.86833
2.72587 3.8759
2.57365 3.60276
2.58197 3.66298
2.3411 3.42283
2.40069 3.509
2.41498 3.40799
2.44335 3.34463
2.29346 3.46516
2.51769 3.70215
2.34811 3.59825
2.64295 3.82384
2.78377 3.8016
2.65302 3.66215
2.51279 3.61371
2.46625 3.62632
2.66797 3.73855
2.70808 3.75822
2.62385 3.58866
2.35442 3.31122
2.48718 3.47526
2.44344 3.75177
2.2591 3.33268
2.51504 3.654
