1.54011 2.45364
1.3618 2.59219
1.4373 2.43187
1.5367 2.5364
1.39478 2.65917
1.43216 2.56953
1.45198 2.59694
1.49425 2.58652
1.41613 2.57208
1.51135 2.57352
1.45532 2.46516
1.47518 2.52246
1.46395 2.46437
1.60871 2.56031
1.49634 2.68631
1.42174 2.51149
1.4182 2.5082
1.544 2.52777
1.51576 2.52578
1.44354 2.54627
1.47914 2.68587
1.45123 2.60652
1.58726 2.5723
1.49727 2.51914
1.47614 2.45257
1.44717 2.57531
1.44147 2.5049
1.39887 2.61466
1.37247 2.52507
1.44648 2.57956
1.51577 2.61183
1.47426 2.53207
1.44501 2.50308
1.42478 2.47644
1.48735 2.47716
1.55605 2.47598
1.47671 2.57424
1.40725 2.54169
1.51695 2.51648
1.49494 2.56563
