2.60107 3.63968
2.71049 3.79444
2.85282 3.81403
2.6936 3.80563
2.55249 3.65164
2.62546 3.6716
2.40685 3.33218
2.74849 3.68773
2.60683 3.51536
2.52207 3.56002
2.32057 3.30776
2.70381 3.66504
2.65599 3.6783
2.59781 3.52427
2.95679 4.02216
2.37132 3.2829
2.73128 3.73632
2.82342 3.8414
2.7706 3.72301
2.74195 3.78672
2.38057 3.26082
2.55113 3.47448
2.52069 3.51479
2.53649 3.37441
2.46663 3.39573
2.63539 3.59649
2.36451 3.2362
2.80171 3.84262
2.86402 4.11307
2.68249 3.57097
2.79526 3.84897
2.62097 3.56964
2.7407 3.61412
2.70311 3.55412
2.7158 3.57079
2.45429 3.30526
2.4783 3.41378
2.50625 3.46327
2.30742 3.21898
2.62632 3.64067
