0.87754 1.05687
0.87908 1.05559
0.88122 1.06861
0.86584 1.04707
0.92402 1.12113
0.88736 1.0699
0.83606 1.02033
0.89405 1.09496
0.87622 1.07352
0.8802 1.06964
0.89942 1.09274
0.86624 1.06845
0.84178 1.02042
0.86316 1.06309
0.88899 1.07367
0.88787 1.08492
0.83916 1.02517
0.88818 1.08862
0.86723 1.06484
0.87373 1.05412
0.90647 1.10651
0.88627 1.07176
0.8926 1.08616
0.87727 1.07563
0.90967 1.11205
0.85815 1.06148
0.88112 1.09339
0.94878 1.15958
0.85976 1.0455
0.86311 1.04694
0.87686 1.05713
0.88284 1.08473
0.86643 1.06883
0.87145 1.05515
0.90017 1.08054
0.92444 1.13979
0.8716 1.0645
0.88824 1.06426
0.89498 1.06979
0.90174 1.08603
