1.72726 2.26085
1.65199 2.20972
1.68539 2.22411
1.77146 2.2999
1.80655 2.34928
1.74481 2.27386
1.73579 2.26027
1.73849 2.2952
1.80156 2.32221
1.73612 2.24685
1.74144 2.28541
1.74226 2.27147
1.7002 2.19827
1.79517 2.32537
1.79042 2.31808
1.74209 2.25089
1.71219 2.26017
1.76515 2.30159
1.70286 2.25068
1.70484 2.24361
1.8113 2.33331
1.74433 2.28559
1.80362 2.32146
1.75702 2.27166
1.72897 2.23892
1.71616 2.1999
1.74669 2.29538
1.74085 2.28215
1.73138 2.28081
1.7865 2.29094
1.7953 2.2999
1.75184 2.26213
1.75192 2.25977
1.71022 2.26532
1.72712 2.19589
1.77893 2.31134
1.75423 2.27392
1.73772 2.26646
1.79762 2.31098
1.78544 2.30676
