0.98794 1.47385
1.12192 1.64057
0.8703 1.42384
0.94967 1.42526
1.0452 1.58322
1.04202 1.52372
0.9895 1.44382
1.10761 1.62747
0.98505 1.47518
0.97739 1.47535
1.00961 1.54326
0.93365 1.52961
0.96284 1.50421
1.01083 1.52465
1.04621 1.53828
1.07099 1.61852
0.91743 1.47274
0.93269 1.4413
1.04181 1.49178
1.0575 1.57318
1.10019 1.64753
0.959 1.42146
0.97298 1.43207
0.97692 1.51278
1.03035 1.48603
0.99615 1.50761
1.09005 1.6481
1.00141 1.5055
1.02612 1.5915
1.05139 1.56283
0.9867 1.49495
0.98473 1.46073
1.03122 1.59179
1.06864 1.61379
1.03412 1.51856
0.94329 1.41232
1.08709 1.57541
1.00034 1.62339
1.00738 1.4959
1.05584 1.54259
