2.6533 3.6226
2.72555 3.65759
2.82448 3.82897
2.72473 3.67855
2.55472 3.44525
2.61862 3.52171
2.40249 3.35576
2.76311 3.83886
2.61506 3.60918
2.55038 3.60192
2.3332 3.35477
2.69971 3.59605
2.67019 3.67163
2.55269 3.44756
2.93418 3.95953
2.3836 3.50745
2.71794 3.79371
2.8298 3.8232
2.74834 3.66761
2.77159 3.71672
2.3753 3.30928
2.62942 3.67992
2.49745 3.41518
2.50825 3.36112
2.44975 3.39505
2.64759 3.63302
2.35478 3.40511
2.78037 3.81215
2.83069 3.79462
2.685 3.58279
2.79274 3.83014
2.65354 3.70335
2.73433 3.83553
2.68325 3.638
2.72099 3.60113
2.45408 3.31316
2.5652 3.33169
2.5059 3.47175
2.33636 3.30392
2.65341 3.60707
